[gd_scene load_steps=18 format=3 uid="uid://b17qkq4r7o51"]

[ext_resource type="ArrayMesh" uid="uid://bqis24a8xorxa" path="res://3d models/Enemies/Z1/Z1.res" id="1_8fmtd"]
[ext_resource type="Script" path="res://Skeleton3d.cs" id="1_46e5d"]

[sub_resource type="CapsuleShape3D" id="CapsuleShape3D_5sobl"]
radius = 0.102253
height = 1.02253

[sub_resource type="CapsuleShape3D" id="CapsuleShape3D_uls1h"]
radius = 0.0960725
height = 0.960725

[sub_resource type="CapsuleShape3D" id="CapsuleShape3D_2t2nx"]
radius = 0.0110353
height = 0.110353

[sub_resource type="CapsuleShape3D" id="CapsuleShape3D_vstpd"]
radius = 0.0119793
height = 0.119793

[sub_resource type="CapsuleShape3D" id="CapsuleShape3D_0mxt5"]
radius = 0.0202618
height = 0.202618

[sub_resource type="CapsuleShape3D" id="CapsuleShape3D_xvpqi"]
radius = 0.0123111
height = 0.123111

[sub_resource type="CapsuleShape3D" id="CapsuleShape3D_tpahx"]
radius = 0.164838
height = 1.64838

[sub_resource type="CapsuleShape3D" id="CapsuleShape3D_jgtg7"]
radius = 0.155312
height = 1.55312

[sub_resource type="CapsuleShape3D" id="CapsuleShape3D_iydkw"]
radius = 0.0524796
height = 0.524796

[sub_resource type="CapsuleShape3D" id="CapsuleShape3D_sc24e"]
radius = 0.0197775
height = 0.197775

[sub_resource type="CapsuleShape3D" id="CapsuleShape3D_quohy"]
radius = 0.164783
height = 1.64783

[sub_resource type="CapsuleShape3D" id="CapsuleShape3D_8ogby"]
radius = 0.155287
height = 1.55287

[sub_resource type="CapsuleShape3D" id="CapsuleShape3D_k2hru"]
radius = 0.0518212
height = 0.518212

[sub_resource type="CapsuleShape3D" id="CapsuleShape3D_jtdiy"]
radius = 0.0197504
height = 0.197505

[sub_resource type="Skin" id="Skin_58m4q"]
resource_name = "Skin"
bind_count = 33
bind/0/name = &"mixamorig_Hips"
bind/0/bone = -1
bind/0/pose = Transform3D(1.78534, 0, 0, 0, 1.78534, -1.34789e-07, 0, 1.34789e-07, 1.78534, -0.05656, -3.62182, 0.196157)
bind/1/name = &"mixamorig_Spine"
bind/1/bone = -1
bind/1/pose = Transform3D(1.78534, 0, 0, 0, 1.78445, 0.0564492, 0, -0.0564492, 1.78445, -0.05656, -3.89114, 0.310575)
bind/2/name = &"mixamorig_Spine1"
bind/2/bone = -1
bind/2/pose = Transform3D(1.78534, 0, 0, 0, 1.78445, 0.0564492, 0, -0.0564492, 1.78445, -0.05656, -4.2147, 0.310575)
bind/3/name = &"mixamorig_Spine2"
bind/3/bone = -1
bind/3/pose = Transform3D(1.78534, 0, 0, 0, 1.78445, 0.0564491, 0, -0.0564491, 1.78445, -0.05656, -4.58448, 0.310574)
bind/4/name = &"mixamorig_Neck"
bind/4/bone = -1
bind/4/pose = Transform3D(1.78534, 0, 0, 0, 1.78534, -1.21488e-07, 0, 1.28139e-07, 1.78534, -0.05656, -5.00781, 0.152313)
bind/5/name = &"mixamorig_Head"
bind/5/bone = -1
bind/5/pose = Transform3D(1.78534, 0, 0, 0, 1.78534, -1.27833e-07, 0, 1.34484e-07, 1.78534, -0.05656, -5.35168, 0.147045)
bind/6/name = &"mixamorig_HeadTop_End"
bind/6/bone = -1
bind/6/pose = Transform3D(1.78534, 0, 0, 0, 1.78534, -1.27833e-07, 0, 1.34484e-07, 1.78534, -0.05656, -6.39967, 0.130991)
bind/7/name = &"mixamorig_LeftShoulder"
bind/7/bone = -1
bind/7/pose = Transform3D(0.031477, 0.0567937, -1.78416, 1.55062, -0.884887, -0.000811221, -0.884327, -1.54958, -0.0649282, -0.312431, 2.23089, 4.36667)
bind/8/name = &"mixamorig_LeftArm"
bind/8/bone = -1
bind/8/pose = Transform3D(-0.066976, -0.115759, -1.78032, 0.198686, -1.77098, 0.107677, -1.77299, -0.194089, 0.0793199, 0.174758, 4.60774, 1.10197)
bind/9/name = &"mixamorig_LeftForeArm"
bind/9/bone = -1
bind/9/pose = Transform3D(-0.0799713, 0.00150955, -1.78355, -0.0221379, -1.7852, -0.000518382, -1.78341, 0.0220924, 0.079984, -0.0624254, 3.69466, 0.659748)
bind/10/name = &"mixamorig_LeftHand"
bind/10/bone = -1
bind/10/pose = Transform3D(-0.0825037, -0.287711, -1.76007, 0.0427793, -1.76177, 0.285982, -1.78292, -0.0289582, 0.0883083, 0.381293, 2.68768, 0.737919)
bind/11/name = &"mixamorig_LeftHandIndex1"
bind/11/bone = -1
bind/11/pose = Transform3D(1.39321, 0.211766, 1.09616, 0.578756, -1.63599, -0.419541, 0.954696, 0.682736, -1.34531, -0.805903, 2.05071, -1.36805)
bind/12/name = &"mixamorig_LeftHandIndex2"
bind/12/bone = -1
bind/12/pose = Transform3D(1.39321, 0.211767, 1.09616, 0.578758, -1.63599, -0.419543, 0.954695, 0.682738, -1.34531, -0.805904, 1.95415, -1.36805)
bind/13/name = &"mixamorig_LeftHandIndex3"
bind/13/bone = -1
bind/13/pose = Transform3D(1.39321, 0.211765, 1.09616, 0.578755, -1.63599, -0.419541, 0.954697, 0.682736, -1.34531, -0.791694, 1.80329, -1.33809)
bind/14/name = &"mixamorig_LeftHandIndex4"
bind/14/bone = -1
bind/14/pose = Transform3D(1.39321, 0.211765, 1.09616, 0.578755, -1.63599, -0.419541, 0.954697, 0.682736, -1.34531, -0.759211, 1.76056, -1.29425)
bind/15/name = &"mixamorig_RightShoulder"
bind/15/bone = -1
bind/15/pose = Transform3D(-0.143621, -0.0547902, 1.77871, -1.54499, -0.881678, -0.151908, 0.883065, -1.55148, 0.0235123, 0.310326, 2.30631, 4.32356)
bind/16/name = &"mixamorig_RightArm"
bind/16/bone = -1
bind/16/pose = Transform3D(-0.223428, 0.0866941, 1.76918, -0.19893, -1.77315, 0.0617661, 1.7601, -0.1894, 0.231561, -0.0846088, 4.62386, 0.993666)
bind/17/name = &"mixamorig_RightForeArm"
bind/17/bone = -1
bind/17/pose = Transform3D(-0.232726, 0.00117387, 1.77011, 0.0221385, -1.7852, 0.00409477, 1.76997, 0.0224834, 0.232693, 0.0889885, 3.69366, 0.559547)
bind/18/name = &"mixamorig_RightHand"
bind/18/bone = -1
bind/18/pose = Transform3D(-0.232381, 0.364669, 1.73218, -0.443296, -1.70336, 0.299132, 1.71375, -0.391162, 0.312257, -0.469389, 2.48524, 1.18033)
bind/19/name = &"mixamorig_RightHandIndex1"
bind/19/bone = -1
bind/19/pose = Transform3D(-0.338682, -0.0861924, 1.7508, 0.0979942, -1.78132, -0.0687385, 1.75018, 0.0830586, 0.342651, 0.157899, 2.64187, 0.499196)
bind/20/name = &"mixamorig_RightHandIndex2"
bind/20/bone = -1
bind/20/pose = Transform3D(-0.338668, -0.0861913, 1.75081, 0.0979931, -1.78132, -0.0687383, 1.75018, 0.0830583, 0.342637, 0.157903, 2.52208, 0.499196)
bind/21/name = &"mixamorig_RightHandIndex3"
bind/21/bone = -1
bind/21/pose = Transform3D(-0.338685, -0.0861921, 1.7508, 0.097994, -1.78132, -0.0687381, 1.75018, 0.0830583, 0.342654, 0.174059, 2.33288, 0.569884)
bind/22/name = &"mixamorig_RightHandIndex4"
bind/22/bone = -1
bind/22/pose = Transform3D(-0.338686, -0.086192, 1.7508, 0.0979939, -1.78132, -0.068738, 1.75018, 0.0830581, 0.342655, 0.127926, 2.22231, 0.541551)
bind/23/name = &"mixamorig_LeftUpLeg"
bind/23/bone = -1
bind/23/pose = Transform3D(-1.78451, -0.054455, -0.00221904, 0.0545001, -1.78303, -0.0726252, -3.75195e-06, -0.072659, 1.78386, 0.457218, 3.44665, 0.281756)
bind/24/name = &"mixamorig_LeftLeg"
bind/24/bone = -1
bind/24/pose = Transform3D(-1.78533, -0.00689021, -0.000283245, 0.00689571, -1.78438, -0.0580637, -6.17469e-05, -0.0580642, 1.78439, 0.409104, 1.81207, 0.266942)
bind/25/name = &"mixamorig_LeftFoot"
bind/25/bone = -1
bind/25/pose = Transform3D(-1.78531, -0.00666757, -0.00712725, -0.00286986, -0.887898, 1.54889, -0.00933034, 1.54888, 0.887873, 0.408077, 0.358573, -0.102835)
bind/26/name = &"mixamorig_LeftToeBase"
bind/26/bone = -1
bind/26/pose = Transform3D(-1.78516, 0.0235296, 0.0101836, 0.0101883, 0.000502376, 1.78531, 0.0235265, 1.78519, -0.000636725, 0.405995, -0.199303, -0.0133673)
bind/27/name = &"mixamorig_LeftToe_End"
bind/27/bone = -1
bind/27/pose = Transform3D(-1.78516, 0.0235296, 0.0101836, 0.0101883, 0.000502239, 1.78531, 0.0235264, 1.78519, -0.000636588, 0.405995, -0.397078, -0.0133673)
bind/28/name = &"mixamorig_RightUpLeg"
bind/28/bone = -1
bind/28/pose = Transform3D(-1.78451, 0.0544915, 0.0017138, -0.0545184, -1.78363, -0.0560818, 2.18966e-06, -0.0561079, 1.78446, -0.344246, 3.45206, 0.265853)
bind/29/name = &"mixamorig_RightLeg"
bind/29/bone = -1
bind/29/pose = Transform3D(-1.78533, 0.00689353, 0.000215858, -0.00689685, -1.78467, -0.0484974, 3.02632e-05, -0.0484978, 1.78468, -0.295996, 1.81388, 0.25812)
bind/30/name = &"mixamorig_RightFoot"
bind/30/bone = -1
bind/30/pose = Transform3D(-1.78531, 0.00670157, 0.0072677, 0.00290496, -0.899182, 1.54237, 0.00945073, 1.54236, 0.899157, -0.294974, 0.352748, -0.104525)
bind/31/name = &"mixamorig_RightToeBase"
bind/31/bone = -1
bind/31/pose = Transform3D(-1.78516, -0.0232567, -0.0101977, -0.0102033, 0.00049996, 1.78531, -0.0232535, 1.78519, -0.00063269, -0.292888, -0.198469, -0.0118319)
bind/32/name = &"mixamorig_RightToe_End"
bind/32/bone = -1
bind/32/pose = Transform3D(-1.78516, -0.0232567, -0.0101977, -0.0102033, 0.000499737, 1.78531, -0.0232535, 1.78519, -0.000632467, -0.292888, -0.395973, -0.0118319)

[node name="Node3D" type="Node3D"]
transform = Transform3D(1, 0, 0, 0, -4.37114e-08, -1, 0, 1, -4.37114e-08, 0, 0, 0)

[node name="Skeleton3D" type="Skeleton3D" parent="."]
bones/0/name = "mixamorig_Hips"
bones/0/parent = -1
bones/0/rest = Transform3D(1, 0, 0, 0, 0, 1, 0, -1, 0, 0.05656, -0.196157, -3.62182)
bones/0/enabled = true
bones/0/position = Vector3(-0.0363114, -0.635986, -3.17113)
bones/0/rotation = Quaternion(-0.618289, -0.111445, 0.141198, 0.76509)
bones/0/scale = Vector3(1, 1, 1)
bones/1/name = "mixamorig_Spine"
bones/1/parent = 0
bones/1/rest = Transform3D(1, 0, 0, 0, 0.9995, -0.0316182, 0, 0.0316182, 0.9995, 3.72529e-09, 0.277198, 0.0087689)
bones/1/enabled = true
bones/1/position = Vector3(3.72529e-09, 0.277198, 0.0087689)
bones/1/rotation = Quaternion(0.0947251, -0.00820935, -0.00743494, 0.995442)
bones/1/scale = Vector3(1, 1, 1)
bones/2/name = "mixamorig_Spine1"
bones/2/parent = 1
bones/2/rest = Transform3D(1, 0, 0, 0, 1, -1.11759e-08, 0, 1.11759e-08, 1, 0, 0.323561, -1.49012e-08)
bones/2/enabled = true
bones/2/position = Vector3(0, 0.323561, -1.49012e-08)
bones/2/rotation = Quaternion(0.125254, -0.0146375, -0.00497718, 0.992004)
bones/2/scale = Vector3(1, 1, 1)
bones/3/name = "mixamorig_Spine2"
bones/3/parent = 2
bones/3/rest = Transform3D(1, 0, 0, 0, 1, 5.40167e-08, 0, -5.40167e-08, 1, 0, 0.369783, 0)
bones/3/enabled = true
bones/3/position = Vector3(0, 0.369783, 0)
bones/3/rotation = Quaternion(0.125641, -0.0101698, -0.00542987, 0.992009)
bones/3/scale = Vector3(1, 1, 1)
bones/4/name = "mixamorig_Neck"
bones/4/parent = 3
bones/4/rest = Transform3D(1, 0, 0, 0, 0.9995, 0.0316182, 0, -0.0316182, 0.9995, 0, 0.416006, 1.49012e-08)
bones/4/enabled = true
bones/4/position = Vector3(0, 0.416006, 1.49012e-08)
bones/4/rotation = Quaternion(-0.0532873, 0.00591041, -0.0288245, 0.998146)
bones/4/scale = Vector3(1, 1, 1)
bones/5/name = "mixamorig_Head"
bones/5/parent = 4
bones/5/rest = Transform3D(1, 0, 0, 0, 1, 3.55427e-09, 0, -3.55427e-09, 1, 0, 0.343873, 0.0052678)
bones/5/enabled = true
bones/5/position = Vector3(0, 0.343873, 0.0052678)
bones/5/rotation = Quaternion(-0.379519, 0.014718, 0.00207492, 0.925064)
bones/5/scale = Vector3(1, 1, 1)
bones/6/name = "mixamorig_HeadTop_End"
bones/6/parent = 5
bones/6/rest = Transform3D(1, 0, 0, 0, 1, 4.23516e-22, 0, -4.23517e-22, 1, 0, 1.04799, 0.0160542)
bones/6/enabled = true
bones/6/position = Vector3(0, 1.04799, 0.0160542)
bones/6/rotation = Quaternion(-2.11758e-22, 0, 0, 1)
bones/6/scale = Vector3(1, 1, 1)
bones/7/name = "mixamorig_LeftShoulder"
bones/7/parent = 3
bones/7/rest = Transform3D(0.017631, 0.868528, -0.495327, 0.000198096, -0.495407, -0.868661, -0.999845, 0.0152172, -0.0089066, 0.174288, 0.313935, 0.00313544)
bones/7/enabled = true
bones/7/position = Vector3(0.174288, 0.313935, 0.00313544)
bones/7/rotation = Quaternion(0.575396, 0.425743, -0.557713, 0.420261)
bones/7/scale = Vector3(1, 1, 1)
bones/8/name = "mixamorig_LeftArm"
bones/8/parent = 7
bones/8/rest = Transform3D(0.993807, -0.0898652, -0.0653661, 7.47666e-06, 0.588283, -0.808655, 0.111124, 0.803647, 0.58464, 1.86265e-08, 0.411349, -5.12227e-07)
bones/8/enabled = true
bones/8/position = Vector3(1.86265e-08, 0.411349, -5.12227e-07)
bones/8/rotation = Quaternion(0.316501, -0.124221, 0.237317, 0.909987)
bones/8/scale = Vector3(1, 1, 1)
bones/9/name = "mixamorig_LeftForeArm"
bones/9/parent = 8
bones/9/rest = Transform3D(0.997815, 0.0655886, -0.00800295, -0.066075, 0.990483, -0.12074, 7.60099e-06, 0.121005, 0.992652, 1.30385e-08, 1.02378, -6.79865e-08)
bones/9/enabled = true
bones/9/position = Vector3(1.30385e-08, 1.02378, -6.79865e-08)
bones/9/rotation = Quaternion(0.0247577, -0.0016756, 0.553225, 0.832662)
bones/9/scale = Vector3(1, 1, 1)
bones/10/name = "mixamorig_LeftHand"
bones/10/parent = 9
bones/10/rest = Transform3D(0.986791, -0.16193, -0.00469444, 0.161998, 0.986377, 0.0285873, 1.3276e-06, -0.0289702, 0.99958, -6.0536e-09, 0.960724, 6.79865e-08)
bones/10/enabled = true
bones/10/position = Vector3(-6.0536e-09, 0.960724, 6.79865e-08)
bones/10/rotation = Quaternion(-0.12952, 0.356696, 0.157082, 0.911766)
bones/10/scale = Vector3(1, 1, 1)
bones/11/name = "mixamorig_LeftHandIndex1"
bones/11/parent = 10
bones/11/rest = Transform3D(-0.660463, 0.364357, 0.656531, -1.3411e-07, 0.874373, -0.485254, -0.750858, -0.320492, -0.577491, -1.22935e-07, 0.23074, 1.1432e-07)
bones/11/enabled = true
bones/11/position = Vector3(-1.22935e-07, 0.23074, 1.1432e-07)
bones/11/rotation = Quaternion(-0.0704261, 0.903925, -0.104306, 0.408754)
bones/11/scale = Vector3(1, 1, 1)
bones/12/name = "mixamorig_LeftHandIndex2"
bones/12/parent = 11
bones/12/rest = Transform3D(1, 5.81145e-07, 1.30385e-07, -5.81145e-07, 1, -1.42306e-06, -1.30386e-07, 1.42306e-06, 1, 3.72529e-09, 0.0965586, 1.04308e-07)
bones/12/enabled = true
bones/12/position = Vector3(3.72529e-09, 0.0965586, 1.04308e-07)
bones/12/rotation = Quaternion(-0.185713, 0.0304132, 0.397519, 0.898089)
bones/12/scale = Vector3(1, 1, 1)
bones/13/name = "mixamorig_LeftHandIndex3"
bones/13/parent = 12
bones/13/rest = Transform3D(1, -5.99772e-07, 4.43309e-07, 5.99771e-07, 1, 1.78814e-06, -4.4331e-07, -1.78814e-06, 1, -0.0142086, 0.150862, -0.029958)
bones/13/enabled = true
bones/13/position = Vector3(-0.0142086, 0.150862, -0.029958)
bones/13/rotation = Quaternion(0.118758, 0.041867, 7.54214e-05, 0.99204)
bones/13/scale = Vector3(1, 1, 1)
bones/14/name = "mixamorig_LeftHandIndex4"
bones/14/parent = 13
bones/14/rest = Transform3D(1, -5.96046e-08, 3.1665e-08, 5.96046e-08, 1, -6.70552e-08, -3.1665e-08, 6.70552e-08, 1, -0.0324829, 0.0427381, -0.0438469)
bones/14/enabled = true
bones/14/position = Vector3(-0.0324829, 0.0427381, -0.0438469)
bones/14/rotation = Quaternion(3.35276e-08, 1.58325e-08, 2.98023e-08, 1)
bones/14/scale = Vector3(1, 1, 1)
bones/15/name = "mixamorig_RightShoulder"
bones/15/parent = 3
bones/15/rest = Transform3D(-0.0804447, -0.865378, 0.49462, 0.000827074, -0.496286, -0.868159, 0.996759, -0.0694296, 0.0406393, -0.174288, 0.313383, -0.0143263)
bones/15/enabled = true
bones/15/position = Vector3(-0.174288, 0.313383, -0.0143263)
bones/15/rotation = Quaternion(0.55692, -0.41888, 0.607511, 0.381196)
bones/15/scale = Vector3(1, 1, 1)
bones/16/name = "mixamorig_RightArm"
bones/16/parent = 15
bones/16/rest = Transform3D(0.995846, 0.0739104, 0.0531681, 1.3262e-06, 0.58395, -0.811789, -0.0910472, 0.808418, 0.581525, -4.47035e-08, 0.412846, 3.21306e-08)
bones/16/enabled = true
bones/16/position = Vector3(-4.47035e-08, 0.412846, 3.21306e-08)
bones/16/rotation = Quaternion(0.408428, 0.0126121, -0.315048, 0.856605)
bones/16/scale = Vector3(1, 1, 1)
bones/17/name = "mixamorig_RightForeArm"
bones/17/parent = 16
bones/17/rest = Transform3D(0.998839, -0.0478341, 0.00569928, 0.0481724, 0.991789, -0.118463, 1.40837e-05, 0.1186, 0.992942, -2.98023e-08, 1.02253, 2.79397e-08)
bones/17/enabled = true
bones/17/position = Vector3(-2.98023e-08, 1.02253, 2.79397e-08)
bones/17/rotation = Quaternion(0.0861226, 0.00107046, -0.655961, 0.749865)
bones/17/scale = Vector3(1, 1, 1)
bones/18/name = "mixamorig_RightHand"
bones/18/parent = 17
bones/18/rest = Transform3D(0.979048, 0.197858, 0.0481373, -0.20363, 0.951313, 0.231383, -1.25356e-05, -0.236337, 0.971671, 1.00117e-08, 0.960725, -8.3819e-08)
bones/18/enabled = true
bones/18/position = Vector3(1.00117e-08, 0.960725, -8.3819e-08)
bones/18/rotation = Quaternion(0.00720006, -0.253739, -0.0293089, 0.966802)
bones/18/scale = Vector3(1, 1, 1)
bones/19/name = "mixamorig_RightHandIndex1"
bones/19/parent = 18
bones/19/rest = Transform3D(0.966286, -0.248297, 0.0681159, 0.257471, 0.931857, -0.255638, -2.45869e-07, 0.264557, 0.96437, 4.47035e-08, 0.110353, 6.33299e-08)
bones/19/enabled = true
bones/19/position = Vector3(4.47035e-08, 0.110353, 6.33299e-08)
bones/19/rotation = Quaternion(-0.107028, 0.0175216, -0.0325849, 0.993567)
bones/19/scale = Vector3(1, 1, 1)
bones/20/name = "mixamorig_RightHandIndex2"
bones/20/parent = 19
bones/20/rest = Transform3D(1, 2.26779e-07, -8.21438e-06, -2.26775e-07, 1, 5.90227e-07, 8.21438e-06, -5.90225e-07, 1, 7.45058e-09, 0.119793, 1.86265e-08)
bones/20/enabled = true
bones/20/position = Vector3(7.45058e-09, 0.119793, 1.86265e-08)
bones/20/rotation = Quaternion(0.610929, 0.0454961, 0.112177, 0.782376)
bones/20/scale = Vector3(1, 1, 1)
bones/21/name = "mixamorig_RightHandIndex3"
bones/21/parent = 20
bones/21/rest = Transform3D(1, 3.16677e-08, 9.96829e-06, -3.16623e-08, 1, -5.38537e-07, -9.96829e-06, 5.38537e-07, 1, -0.0161619, 0.189198, -0.0706875)
bones/21/enabled = true
bones/21/position = Vector3(-0.0161619, 0.189198, -0.0706875)
bones/21/rotation = Quaternion(-0.0475647, 0.0278753, 0.311213, 0.94874)
bones/21/scale = Vector3(1, 1, 1)
bones/22/name = "mixamorig_RightHandIndex4"
bones/22/parent = 21
bones/22/rest = Transform3D(1, 3.39933e-08, 2.01631e-07, -3.39933e-08, 1, 1.07335e-07, -2.01631e-07, -1.07335e-07, 1, 0.0461331, 0.110568, 0.0283334)
bones/22/enabled = true
bones/22/position = Vector3(0.0461331, 0.110568, 0.0283334)
bones/22/rotation = Quaternion(-5.36675e-08, 1.00816e-07, -1.69966e-08, 1)
bones/22/scale = Vector3(1, 1, 1)
bones/23/name = "mixamorig_LeftUpLeg"
bones/23/parent = 0
bones/23/rest = Transform3D(-0.999534, 0.0305265, -1.33331e-06, -0.0305012, -0.998706, -0.0406977, -0.00124369, -0.0406787, 0.999173, 0.295232, -0.154211, 0.0554088)
bones/23/enabled = true
bones/23/position = Vector3(0.295232, -0.154211, 0.0554088)
bones/23/rotation = Quaternion(0.132307, 0.424449, 0.879699, -0.168724)
bones/23/scale = Vector3(1, 1, 1)
bones/24/name = "mixamorig_LeftLeg"
bones/24/parent = 23
bones/24/rest = Transform3D(0.999645, 0.0266646, -0.000217243, -0.0266655, 0.999611, -0.00817736, -8.8747e-07, 0.00818025, 0.999967, 2.27301e-08, 1.64838, -3.13395e-09)
bones/24/enabled = true
bones/24/position = Vector3(2.27301e-08, 1.64838, -3.13395e-09)
bones/24/rotation = Quaternion(-0.413643, 0.029432, 0.0021391, 0.909961)
bones/24/scale = Vector3(1, 1, 1)
bones/25/name = "mixamorig_LeftFoot"
bones/25/parent = 24
bones/25/rest = Transform3D(0.999993, 0.00338778, 0.00179828, 6.84522e-08, 0.468839, -0.883284, -0.00383548, 0.883277, 0.468835, -3.97631e-08, 1.55312, -1.91103e-08)
bones/25/enabled = true
bones/25/position = Vector3(-3.97631e-08, 1.55312, -1.91103e-08)
bones/25/rotation = Quaternion(0.57264, -0.0879171, -0.143746, 0.802303)
bones/25/scale = Vector3(1, 1, 1)
bones/26/name = "mixamorig_LeftToeBase"
bones/26/parent = 25
bones/26/rest = Transform3D(0.99981, -0.00970121, -0.0169102, 5.40167e-08, 0.867398, -0.497615, 0.0194953, 0.49752, 0.867234, 1.80371e-08, 0.524796, 1.21072e-08)
bones/26/enabled = true
bones/26/position = Vector3(1.80371e-08, 0.524796, 1.21072e-08)
bones/26/rotation = Quaternion(0.259786, -0.00941851, 0.0024986, 0.965617)
bones/26/scale = Vector3(1, 1, 1)
bones/27/name = "mixamorig_LeftToe_End"
bones/27/parent = 26
bones/27/rest = Transform3D(1, -1.81331e-09, 1.691e-08, 1.8133e-09, 1, 7.6423e-08, -1.691e-08, -7.6423e-08, 1, 7.93807e-09, 0.197775, -8.61473e-09)
bones/27/enabled = true
bones/27/position = Vector3(7.93807e-09, 0.197775, -8.61473e-09)
bones/27/rotation = Quaternion(-3.82115e-08, 8.455e-09, 9.06653e-10, 1)
bones/27/scale = Vector3(1, 1, 1)
bones/28/name = "mixamorig_RightUpLeg"
bones/28/parent = 0
bones/28/rest = Transform3D(-0.999534, -0.0305367, 7.37695e-07, 0.0305216, -0.99904, -0.0314271, 0.000960417, -0.0314124, 0.999507, -0.295232, -0.154211, 0.0392034)
bones/28/enabled = true
bones/28/position = Vector3(-0.295232, -0.154211, 0.0392034)
bones/28/rotation = Quaternion(-0.112343, 0.415619, 0.891744, 0.139403)
bones/28/scale = Vector3(1, 1, 1)
bones/29/name = "mixamorig_RightLeg"
bones/29/parent = 28
bones/29/rest = Transform3D(0.999644, -0.026675, 0.000114503, 0.0266752, 0.999635, -0.00426286, -7.49216e-07, 0.00426439, 0.999991, -2.57569e-09, 1.64783, -1.17114e-08)
bones/29/enabled = true
bones/29/position = Vector3(-2.57569e-09, 1.64783, -1.17114e-08)
bones/29/rotation = Quaternion(-0.496473, 0.00478558, 0.020016, 0.867808)
bones/29/scale = Vector3(1, 1, 1)
bones/30/name = "mixamorig_RightFoot"
bones/30/parent = 29
bones/30/rest = Transform3D(0.999992, -0.00346648, -0.00189644, 1.55298e-07, 0.479984, -0.877277, 0.00395132, 0.87727, 0.47998, 1.31113e-08, 1.55287, -8.92669e-09)
bones/30/enabled = true
bones/30/position = Vector3(1.31113e-08, 1.55287, -8.92669e-09)
bones/30/rotation = Quaternion(0.66074, 0.0395527, 0.070305, 0.746268)
bones/30/scale = Vector3(1, 1, 1)
bones/31/name = "mixamorig_RightToeBase"
bones/31/parent = 30
bones/31/rest = Transform3D(0.999811, 0.00978768, 0.0167764, 1.04308e-07, 0.863743, -0.503932, -0.0194228, 0.503837, 0.86358, -4.92782e-08, 0.518212, 1.37137e-07)
bones/31/enabled = true
bones/31/position = Vector3(-4.92782e-08, 0.518212, 1.37137e-07)
bones/31/rotation = Quaternion(0.261051, 0.00937514, -0.00253445, 0.965276)
bones/31/scale = Vector3(1, 1, 1)
bones/32/name = "mixamorig_RightToe_End"
bones/32/parent = 31
bones/32/rest = Transform3D(1, 4.4073e-09, -1.62709e-08, -4.4073e-09, 1, 1.24775e-07, 1.62709e-08, -1.24775e-07, 1, 4.9833e-08, 0.197505, -2.83908e-08)
bones/32/enabled = true
bones/32/position = Vector3(4.9833e-08, 0.197505, -2.83908e-08)
bones/32/rotation = Quaternion(-6.23877e-08, -8.13543e-09, -2.20365e-09, 1)
bones/32/scale = Vector3(1, 1, 1)
script = ExtResource("1_46e5d")

[node name="Righthandindx4" type="BoneAttachment3D" parent="Skeleton3D"]
transform = Transform3D(0.824048, 0.292485, 0.485177, 0.546193, -0.18283, -0.817463, -0.150391, 0.93863, -0.310414, -0.636157, 0.298799, -2.44168)
bone_name = "mixamorig_RightHandIndex4"
bone_idx = 22
use_external_skeleton = true
external_skeleton = NodePath("..")

[node name="LeftLeg4" type="BoneAttachment3D" parent="Skeleton3D"]
transform = Transform3D(-0.996864, -0.0371694, 0.0698632, -0.0413564, 0.997373, -0.0594703, -0.0674692, -0.062173, -0.995783, 0.947443, 1.08773, -0.132403)
bone_name = "mixamorig_LeftToe_End"
bone_idx = 27
use_external_skeleton = true
external_skeleton = NodePath("..")

[node name="RigidBody3D" type="RigidBody3D" parent="."]
transform = Transform3D(-0.0637273, -0.146477, 0.987159, 0.915196, -0.403009, -0.000717617, 0.397939, 0.903398, 0.159738, -0.722625, -0.364459, -4.20595)

[node name="RightArm" type="BoneAttachment3D" parent="RigidBody3D"]
transform = Transform3D(1, 5.96046e-07, -2.74274e-07, -1.78814e-07, 1, -4.21627e-07, 7.5961e-08, 3.17756e-07, 1, 9.53674e-07, 2.14577e-06, 4.76837e-07)
bone_name = "mixamorig_RightArm"
bone_idx = 16
use_external_skeleton = true
external_skeleton = NodePath("../../Skeleton3D")

[node name="CollisionShape3D" type="CollisionShape3D" parent="RigidBody3D"]
transform = Transform3D(1.78534, -1.78814e-07, -2.2538e-07, 1.19209e-07, 1.78534, 1.02504e-07, -1.851e-08, -1.54192e-07, 1.78534, 0, 0.511267, 2.38419e-07)
shape = SubResource("CapsuleShape3D_5sobl")

[node name="RigidBody3D3" type="RigidBody3D" parent="."]
transform = Transform3D(0.0220661, 0.0451609, 0.998736, 0.524078, 0.8502, -0.0500233, -0.851385, 0.524519, -0.00490725, -0.872402, -0.776547, -3.2822)

[node name="RightForeArm" type="BoneAttachment3D" parent="RigidBody3D3"]
transform = Transform3D(0.999999, 5.96046e-08, -6.33299e-08, -2.98023e-08, 1, -7.07805e-08, 5.58794e-09, 8.19564e-08, 1, -3.8147e-06, 2.38419e-06, 2.38419e-07)
bone_name = "mixamorig_RightForeArm"
bone_idx = 17
use_external_skeleton = true
external_skeleton = NodePath("../../Skeleton3D")

[node name="CollisionShape3D" type="CollisionShape3D" parent="RigidBody3D3"]
transform = Transform3D(1.78534, 1.78814e-07, -1.82539e-07, 0, 1.78534, 1.63913e-07, 6.33299e-08, -6.70552e-08, 1.78534, 4.76837e-07, 0.480361, -3.57628e-07)
shape = SubResource("CapsuleShape3D_uls1h")

[node name="RigidBody3D2" type="RigidBody3D" parent="."]
transform = Transform3D(0.506051, 0.0750078, 0.859236, 0.379883, 0.874996, -0.300117, -0.774339, 0.478283, 0.414299, -0.829015, 0.0402612, -2.77828)

[node name="RightHand" type="BoneAttachment3D" parent="RigidBody3D2"]
transform = Transform3D(1, -3.27826e-07, -2.45869e-07, -3.57628e-07, 1, -5.66244e-07, 2.08616e-07, 2.38419e-07, 1, -1.90735e-06, 1.3113e-06, 1.66893e-06)
bone_name = "mixamorig_RightHand"
bone_idx = 18
use_external_skeleton = true
external_skeleton = NodePath("../../Skeleton3D")

[node name="CollisionShape3D" type="CollisionShape3D" parent="RigidBody3D2"]
transform = Transform3D(1.78534, 7.7486e-07, -1.04308e-07, -6.55651e-07, 1.78534, -1.04308e-06, -1.93715e-07, 5.66244e-07, 1.78534, 1.19209e-07, 0.0551761, 5.96046e-07)
shape = SubResource("CapsuleShape3D_2t2nx")

[node name="RigidBody3D4" type="RigidBody3D" parent="."]
transform = Transform3D(0.475604, -0.0797235, 0.87604, 0.32726, 0.940436, -0.0920867, -0.816518, 0.33049, 0.473366, -0.820737, 0.13682, -2.7255)

[node name="Righthandindx1" type="BoneAttachment3D" parent="RigidBody3D4"]
transform = Transform3D(1, 1.78814e-07, -2.40281e-07, 6.25849e-07, 1, -1.04308e-07, 3.66941e-07, 7.45058e-08, 0.999999, -2.5034e-06, 4.76837e-07, 1.19209e-06)
bone_name = "mixamorig_RightHandIndex1"
bone_idx = 19
use_external_skeleton = true
external_skeleton = NodePath("../../Skeleton3D")

[node name="CollisionShape3D" type="CollisionShape3D" parent="RigidBody3D4"]
transform = Transform3D(1.78534, 1.19209e-07, -2.12342e-07, -1.19209e-07, 1.78534, -4.76837e-07, 2.23517e-08, 5.21541e-07, 1.78534, 0, 0.0598964, -2.38419e-07)
shape = SubResource("CapsuleShape3D_vstpd")

[node name="RigidBody3D5" type="RigidBody3D" parent="."]
transform = Transform3D(0.500949, 0.771144, 0.392922, 0.528956, 0.08654, -0.844225, -0.685023, 0.630752, -0.364549, -0.830288, 0.249477, -2.68591)

[node name="Righthandindx2" type="BoneAttachment3D" parent="RigidBody3D5"]
transform = Transform3D(1, 1.71363e-07, -2.08616e-07, -2.75671e-07, 1, -5.1409e-07, -2.68221e-07, 2.38419e-07, 1, -1.66893e-06, 2.38419e-06, -1.19209e-06)
bone_name = "mixamorig_RightHandIndex2"
bone_idx = 20
use_external_skeleton = true
external_skeleton = NodePath("../../Skeleton3D")

[node name="CollisionShape3D" type="CollisionShape3D" parent="RigidBody3D5"]
transform = Transform3D(1.74043, -0.142409, 0.371574, 4.47035e-08, 1.6671, 0.638927, -0.39793, -0.622854, 1.62516, -0.00808096, 0.0946002, -0.0353437)
shape = SubResource("CapsuleShape3D_0mxt5")

[node name="RigidBody3D6" type="RigidBody3D" parent="."]
transform = Transform3D(0.824049, 0.292485, 0.485177, 0.546193, -0.18283, -0.817464, -0.150391, 0.93863, -0.310414, -0.72026, 0.316978, -2.52973)

[node name="CollisionShape3D" type="CollisionShape3D" parent="RigidBody3D6"]
transform = Transform3D(-0.934347, 0.669016, -1.36633, 2.98023e-08, 1.60344, 0.785117, 1.52133, 0.410887, -0.839153, 0.0230665, 0.055284, 0.0141668)
shape = SubResource("CapsuleShape3D_xvpqi")

[node name="Righthandindx3" type="BoneAttachment3D" parent="RigidBody3D6"]
transform = Transform3D(1, 3.72529e-08, 5.96046e-08, 9.68575e-08, 1, -7.89762e-07, 8.9407e-08, 7.00355e-07, 0.999999, 1.93715e-07, 7.15256e-07, 3.8743e-07)
bone_name = "mixamorig_RightHandIndex3"
bone_idx = 21
use_external_skeleton = true
external_skeleton = NodePath("../../Skeleton3D")

[node name="RigidBody3D7" type="RigidBody3D" parent="."]
transform = Transform3D(-0.964624, 0.18596, -0.186865, -0.013514, 0.673007, 0.739512, 0.263281, 0.715877, -0.646686, 0.232758, -0.510993, -3.00991)

[node name="CollisionShape3D" type="CollisionShape3D" parent="RigidBody3D7"]
transform = Transform3D(1.78534, 5.58794e-09, 3.1665e-08, -6.51926e-08, 1.78534, 5.96046e-08, 2.6077e-08, 0, 1.78534, 2.38419e-07, 0.824192, -1.19209e-07)
shape = SubResource("CapsuleShape3D_tpahx")

[node name="LeftupLeg" type="BoneAttachment3D" parent="RigidBody3D7"]
transform = Transform3D(1, -4.00469e-07, -4.47966e-07, 4.74975e-08, 1, 2.68221e-07, -1.86265e-07, -1.49012e-07, 1, -7.15256e-07, -7.15256e-07, 1.3113e-06)
bone_name = "mixamorig_LeftUpLeg"
bone_idx = 23
use_external_skeleton = true
external_skeleton = NodePath("../../Skeleton3D")

[node name="RigidBody3D8" type="RigidBody3D" parent="."]
transform = Transform3D(-0.956408, 0.290213, -0.0325436, -0.0681772, -0.113531, 0.991192, 0.283962, 0.950204, 0.128368, 0.539292, 0.598379, -1.82987)

[node name="CollisionShape3D" type="CollisionShape3D" parent="RigidBody3D8"]
transform = Transform3D(1.78534, -3.35276e-08, 0, 1.06171e-07, 1.78534, 2.98023e-08, 0, -4.47035e-08, 1.78534, 0, 0.776561, 5.96046e-08)
shape = SubResource("CapsuleShape3D_jgtg7")

[node name="LeftLeg" type="BoneAttachment3D" parent="RigidBody3D8"]
transform = Transform3D(1, -3.50177e-07, 1.49012e-08, 2.52854e-07, 1, 1.93715e-07, 3.72529e-08, -1.78814e-07, 1, -1.07288e-06, -3.93391e-06, -6.85453e-07)
bone_name = "mixamorig_LeftLeg"
bone_idx = 24
use_external_skeleton = true
external_skeleton = NodePath("../../Skeleton3D")

[node name="RigidBody3D9" type="RigidBody3D" parent="."]
transform = Transform3D(-0.997493, -0.0671381, 0.0223478, -0.0500373, 0.89258, 0.448104, -0.0500321, 0.445863, -0.893702, 0.990028, 0.422051, -0.354094)

[node name="CollisionShape3D" type="CollisionShape3D" parent="RigidBody3D9"]
transform = Transform3D(1.78534, 6.70552e-08, 7.45058e-09, -6.70552e-08, 1.78534, 2.98023e-07, 0, -1.43051e-06, 1.78534, 0, 0.262398, 0)
shape = SubResource("CapsuleShape3D_iydkw")

[node name="LeftFoot" type="BoneAttachment3D" parent="RigidBody3D9"]
transform = Transform3D(1, 2.23517e-08, -1.45286e-07, -1.15484e-07, 1, 2.98023e-08, 2.6077e-08, 1.19209e-07, 1, 0, 5.36442e-07, -3.57628e-07)
bone_name = "mixamorig_LeftFoot"
bone_idx = 25
use_external_skeleton = true
external_skeleton = NodePath("../../Skeleton3D")

[node name="RigidBody3D" type="RigidBody3D" parent="RigidBody3D9"]
transform = Transform3D(0.99981, -0.00971898, -0.0168912, -6.82175e-05, 0.86501, -0.501755, 0.0194875, 0.50166, 0.864845, 0, 0.524796, 0)

[node name="CollisionShape3D" type="CollisionShape3D" parent="RigidBody3D9/RigidBody3D"]
transform = Transform3D(1.78534, 7.45058e-08, 4.88944e-08, -7.45058e-08, 1.78534, 1.49012e-07, -4.65661e-10, 2.30968e-07, 1.78534, 0, 0.0988875, 1.49012e-08)
shape = SubResource("CapsuleShape3D_sc24e")

[node name="Lefttoebase" type="BoneAttachment3D" parent="RigidBody3D9/RigidBody3D"]
transform = Transform3D(1, -4.47035e-08, -9.61591e-08, -6.33299e-08, 1, 4.02331e-07, 1.16182e-07, 7.18981e-07, 1, 5.96046e-08, 2.38419e-07, -4.76837e-07)
bone_name = "mixamorig_LeftToeBase"
bone_idx = 26
use_external_skeleton = true
external_skeleton = NodePath("../../../Skeleton3D")

[node name="RigidBody3D10" type="RigidBody3D" parent="."]
transform = Transform3D(-0.778329, -0.516721, -0.356655, -0.590062, 0.40789, 0.696744, -0.214546, 0.752745, -0.62237, -0.313902, -0.734761, -3.01092)

[node name="CollisionShape3D" type="CollisionShape3D" parent="RigidBody3D10"]
transform = Transform3D(1.78534, -2.98023e-08, 0, 2.98023e-08, 1.78534, 0, -5.96046e-08, 0, 1.78534, 0, 0.823916, -1.19209e-07)
shape = SubResource("CapsuleShape3D_quohy")

[node name="RightLegUp" type="BoneAttachment3D" parent="RigidBody3D10"]
transform = Transform3D(1, -3.27826e-07, 5.36442e-07, 2.23517e-07, 1, -2.98023e-07, -2.38419e-07, 2.98023e-08, 1, -2.38419e-07, -7.15256e-07, 0)
bone_name = "mixamorig_RightUpLeg"
bone_idx = 28
use_external_skeleton = true
external_skeleton = NodePath("../../Skeleton3D")

[node name="RigidBody3D11" type="RigidBody3D" parent="."]
transform = Transform3D(-0.783115, 0.0764163, -0.617164, -0.596965, -0.370453, 0.711615, -0.174252, 0.925702, 0.335725, -1.16537, -0.0626274, -1.77052)

[node name="CollisionShape3D" type="CollisionShape3D" parent="RigidBody3D11"]
transform = Transform3D(1.78534, 1.19209e-07, 0, 0, 1.78534, -2.98023e-08, 0, 5.96046e-08, 1.78534, 1.19209e-07, 0.776436, 3.72529e-08)
shape = SubResource("CapsuleShape3D_8ogby")

[node name="RightLeg" type="BoneAttachment3D" parent="RigidBody3D11"]
transform = Transform3D(1, 2.08616e-07, -8.9407e-08, 4.47035e-07, 1, 2.68221e-07, -2.38419e-07, -2.08616e-07, 1, 5.96046e-07, -4.17233e-06, -1.71363e-06)
bone_name = "mixamorig_RightLeg"
bone_idx = 29
use_external_skeleton = true
external_skeleton = NodePath("../../Skeleton3D")

[node name="RigidBody3D" type="RigidBody3D" parent="RigidBody3D11"]
transform = Transform3D(0.986986, -0.0526646, 0.15194, 0.157201, 0.11696, -0.980616, 0.0338728, 0.991739, 0.123717, 0, 1.55287, 2.23517e-08)

[node name="CollisionShape3D" type="CollisionShape3D" parent="RigidBody3D11/RigidBody3D"]
transform = Transform3D(1.78534, 0, 0, 1.78814e-07, 1.78534, -4.76837e-07, 0, -8.9407e-07, 1.78534, 1.19209e-07, 0.259106, 2.68221e-07)
shape = SubResource("CapsuleShape3D_k2hru")

[node name="RightFoot" type="BoneAttachment3D" parent="RigidBody3D11/RigidBody3D"]
transform = Transform3D(1, 2.98023e-08, 4.47035e-08, -2.38419e-07, 1, -1.19209e-07, -4.17233e-07, -2.68221e-07, 1, 2.38419e-07, -2.44379e-06, 3.03984e-06)
bone_name = "mixamorig_RightFoot"
bone_idx = 30
use_external_skeleton = true
external_skeleton = NodePath("../../../Skeleton3D")

[node name="RigidBody3D12" type="RigidBody3D" parent="."]
transform = Transform3D(-0.776419, -0.629147, 0.0366955, -0.630212, 0.774889, -0.0487745, 0.00225135, -0.0609955, -0.998135, -1.33788, -0.278333, -0.099627)

[node name="CollisionShape3D" type="CollisionShape3D" parent="RigidBody3D12"]
transform = Transform3D(1.78534, 4.76837e-07, -1.37836e-07, -4.76837e-07, 1.78534, 2.6077e-07, -3.72529e-09, 9.68575e-08, 1.78534, 2.38419e-07, 0.0987521, -7.45058e-09)
shape = SubResource("CapsuleShape3D_jtdiy")

[node name="RightToeBase" type="BoneAttachment3D" parent="RigidBody3D12"]
transform = Transform3D(1, 2.98023e-08, -9.31323e-08, 8.9407e-08, 1, -1.49012e-08, 1.30385e-08, -1.30385e-07, 1, 9.53674e-07, 6.55651e-07, -3.65078e-07)
bone_name = "mixamorig_RightToeBase"
bone_idx = 31
use_external_skeleton = true
external_skeleton = NodePath("../../Skeleton3D")

[node name="unamed" type="MeshInstance3D" parent="."]
mesh = ExtResource("1_8fmtd")
skin = SubResource("Skin_58m4q")
skeleton = NodePath("../Skeleton3D")

[node name="Timer" type="Timer" parent="."]
wait_time = 2.0
one_shot = true
autostart = true
